50
66 -44 -4 53 83 -47 42 -9 89 45 23 75 -75 -23 48 -98 -32 28 -46 93 23 77 -81 51 51 -17 -9 62 79 -94 35 94 -16 37 69 -90 52 -28 60 -43 -63 -31 20 100 -61 48 -69 17 75 9
-23 -76 92 -55 -42 12 -2 58 -60 79 68 80 15 97 -4 -71 10 51 -99 6 -47 40 31 55 42 -33 -13 -68 71 -93 -34 73 87 -30 47 70 7 -82 58 86 48 65 44 -16 -57 64 -7 -92 -20 70
100 -91 68 32 36 4 98 -88 21 86 -96 62 -78 -6 -15 -83 -74 -30 84 97 -56 -77 -28 34 -14 -21 36 -53 -72 37 -95 -93 57 65 96 75 -45 -34 22 -72 43 -32 -7 -54 72 47 30 -95 24 -71
-35 -38 -75 -94 -82 14 36 100 -4 -53 -59 -12 -94 63 -60 -25 -52 -35 -70 -80 -26 6 -96 -4 -48 40 -58 62 -49 96 85 -86 -75 97 -89 54 65 -20 21 60 38 -91 -78 48 7 -83 -53 4 -36 10
-22 -38 -49 38 62 49 55 -79 -67 28 -9 55 68 15 -53 -36 35 -31 -34 -23 61 42 -7 -25 -88 50 13 45 82 -98 0 7 10 5 -85 -93 98 46 -26 -45 35 35 63 99 26 -47 58 29 47 -78
-63 -12 -38 -69 46 -71 -33 81 -87 55 29 -55 -92 2 72 -10 -39 -97 -35 17 -22 47 -47 -82 -54 81 54 55 -22 -77 -78 17 99 84 5 -14 91 -35 20 -52 63 -100 -61 -26 -95 -66 -81 7 40 -15
-40 -84 31 -62 100 38 -47 27 86 -59 -82 -74 -60 -10 39 -12 15 44 48 95 67 -31 -27 0 -48 -80 -9 35 -34 -55 64 40 -64 65 17 -84 -12 71 71 49 -30 53 84 -5 68 -75 -50 -84 17 80
-55 -29 -63 -32 40 -69 -99 -61 56 12 8 88 -60 -88 1 57 35 -24 45 -63 -80 -95 -19 -27 -5 65 -51 60 -67 97 83 -7 41 59 91 14 8 37 -77 -33 2 53 -53 45 19 -46 47 -71 -40 68
73 -52 -48 -82 -31 32 9 -8 62 -34 61 88 -99 91 8 66 83 -88 -72 87 48 15 25 -37 -5 -77 -8 -17 -50 -48 57 23 -79 13 88 -42 -8 -76 3 81 41 7 91 -76 58 -49 -97 -24 22 -47
83 69 56 14 -19 -100 36 43 -8 -71 -90 44 -98 -65 94 -9 100 -80 -74 -77 -15 83 -38 9 63 -78 -32 -62 14 2 -9 48 -47 12 57 -30 94 94 55 -9 81 21 -86 36 -78 -43 34 3 13 57
17 -46 -36 -78 99 73 -26 -73 90 77 19 82 -14 -85 -29 -44 38 -23 -73 -10 18 -100 15 54 78 58 10 -6 88 -47 -16 -16 31 25 -50 -85 -3 -69 3 -86 -80 25 -2 -54 18 1 19 90 -3 -91
-32 20 48 -22 -31 52 47 52 -75 -74 -72 -44 -8 99 4 -2 42 58 -73 -93 -9 37 67 -54 35 -97 -58 3 -13 -58 9 2 -20 3 -79 -94 92 35 66 6 -50 -53 -8 42 28 -5 -27 -33 94 -15
40 75 17 38 6 -88 -37 59 87 4 16 -63 -49 -55 86 -26 57 -23 -68 6 4 23 32 12 57 -90 -48 -84 -57 -90 -60 65 -71 82 -18 -3 16 -69 0 57 88 6 60 87 25 78 52 45 -40 24
97 23 -19 -84 1 22 -84 40 87 41 -60 -12 4 97 -42 -51 -33 -50 -16 -94 74 61 -35 -13 86 -46 58 -46 6 60 -1 23 -49 74 45 -48 77 13 -28 -11 -9 -97 22 100 40 75 91 -26 -79 1
73 0 -26 -9 -52 -85 -81 -69 -26 45 50 16 10 -55 63 -24 16 85 -69 57 86 71 61 -24 12 -75 -9 -56 -20 35 -80 91 -75 -65 -88 -93 67 52 -75 51 -12 -57 23 82 92 -26 -10 -71 30 62
-57 -67 -30 -83 42 100 -92 -72 -51 30 12 -72 60 31 2 76 76 37 -22 -37 99 28 -78 77 57 16 94 55 58 4 44 73 -83 -72 -24 -51 -82 -27 19 -4 -10 3 97 67 64 90 -46 -25 9 -4
33 -77 -10 -33 1 1 -91 -27 -60 94 65 74 48 24 100 34 -61 0 87 49 98 49 24 38 28 93 45 -90 -83 70 -95 -44 51 -75 -31 -44 88 -43 48 -20 56 -44 -92 20 -72 31 -79 -16 -40 -90
28 23 3 51 -1 65 68 93 23 98 -15 41 3 -61 11 26 15 68 -74 52 -19 -95 47 -10 -63 -62 -1 37 4 51 -10 40 83 67 32 82 -33 40 -6 40 78 4 -21 -81 4 66 -99 34 79 -25
-64 32 -36 94 37 62 62 6 -37 3 92 38 -96 -2 -45 -100 90 56 25 -67 85 8 25 6 -44 20 36 13 68 -82 41 -70 -63 100 90 -100 -26 -7 -40 57 -31 87 -65 -85 54 -36 77 41 -51 28
60 -49 -79 -97 -51 -35 81 78 -91 81 -66 -55 -61 64 75 5 -15 32 23 -28 -14 88 -60 -88 -72 58 -88 -19 -70 -100 2 80 9 -94 7 38 38 9 -46 -20 -75 -27 20 55 65 -32 83 57 76 -6
-75 78 100 -56 -83 61 -66 -3 12 -54 34 50 99 -15 -39 66 -33 37 -46 59 -9 -16 -78 -39 54 46 -6 -40 -69 80 -25 -48 83 -44 63 -28 60 -27 -30 86 -25 64 97 2 -41 52 14 82 67 -71
77 57 90 87 -84 96 58 -6 -35 43 -34 25 47 -65 -13 -80 25 -44 66 86 -44 -54 -66 47 -4 34 -16 -83 5 -87 -25 -1 68 -41 -38 -55 45 -83 -3 56 49 30 -23 -70 93 81 -43 -54 1 -28
-7 0 8 -20 67 32 15 75 -4 38 67 68 60 47 -71 -66 27 -21 -16 -40 59 -99 93 -73 -7 29 -95 77 99 3 68 25 -52 -53 -14 -44 -7 84 3 51 90 -81 -10 29 -66 48 -54 93 -26 56
90 75 64 -90 94 -93 28 -63 -90 -7 32 25 -46 -90 -79 76 -65 28 -94 -28 44 49 90 -28 -82 1 95 26 -46 66 -41 66 -64 7 -32 35 -46 -24 77 -46 36 51 98 14 39 74 87 -18 -84 33
77 93 -1 -21 44 16 -70 54 75 87 29 -90 5 23 12 -15 44 -50 74 78 -63 -94 -58 -71 -45 -11 92 75 -9 -2 -11 -71 50 -28 -4 34 -48 -55 -47 41 -39 58 -88 46 40 -86 -6 40 -29 -39
30 -36 16 -18 -21 65 -48 100 -33 62 -30 -80 7 69 -16 60 54 -1 41 -33 -29 57 39 -50 18 -37 -59 77 5 98 -51 -69 82 -14 99 24 95 15 96 -69 -99 -3 -47 -92 53 95 -11 22 79 -97
88 -77 -60 72 -49 -64 -88 4 -45 -23 21 -70 50 -35 37 -10 89 -33 94 100 -48 29 79 -59 -62 -25 -8 -53 86 89 -34 -32 6 87 84 14 10 88 66 10 26 -52 83 -29 -90 -82 -19 -22 -47 14
2 -76 -48 31 -30 -68 51 57 61 -49 15 84 -61 100 -17 -51 -40 -54 77 93 78 -99 2 -10 86 -94 54 -19 83 -9 30 58 35 -19 -5 -74 -65 -52 17 -63 20 65 -28 -20 -87 81 -84 -44 -34 9
-4 84 7 33 -33 50 21 28 20 -76 44 -9 19 -47 63 -27 -79 -52 73 -19 42 -13 -74 30 -65 -18 19 -99 71 -96 -96 57 82 66 -21 -100 -82 34 54 -53 15 71 -74 30 -72 -2 92 42 44 90
41 -71 -47 23 -82 -4 -6 27 56 75 -32 -85 -59 -84 -45 -97 -85 46 87 10 36 69 73 59 67 73 -25 -90 -82 43 -64 -22 95 16 -10 1 39 -42 -37 52 -5 -79 -92 -83 -98 78 87 -12 98 -58
-60 -54 4 -74 -44 -10 -78 5 -15 77 19 -48 -93 70 -37 3 -15 62 55 -65 -1 -88 0 65 -81 -23 28 36 -85 -5 37 -24 77 45 12 5 29 57 -27 -31 64 -21 4 -49 -42 -32 -6 -24 39 35
-37 73 -17 75 23 15 71 68 61 20 -38 88 98 -59 2 7 87 -39 -8 88 -74 -12 98 -22 -3 -65 -2 47 -11 -58 99 -9 45 4 66 -91 -25 69 -32 -15 77 63 27 -67 -85 24 -45 -66 51 39
16 -23 -87 95 -20 -38 -24 -86 -95 44 -29 -65 -5 -62 15 -8 86 -78 -57 -5 -99 -100 11 -74 48 -13 76 -57 67 79 52 -19 22 -37 -41 -41 -13 68 68 12 -54 70 -23 -34 17 -82 -59 90 -70 -30
-91 58 18 -53 -6 -4 29 -35 -88 99 -27 -59 -3 43 -15 8 31 -48 -4 -48 86 -3 -65 36 74 91 -17 -90 -91 16 -88 -37 24 29 -82 63 -13 94 43 15 -14 -98 96 -25 -100 73 92 85 69 -10
-65 80 -68 -49 94 44 45 -9 -44 79 -89 -13 -54 74 25 -74 57 100 -28 -97 81 -56 -15 31 -6 -59 56 -13 43 -18 -83 19 -20 55 -66 -51 -62 41 20 100 -58 -76 -25 -6 21 5 -97 52 30 24
-45 -28 83 -15 63 21 -78 67 31 75 12 71 -38 90 -72 -59 -24 50 37 -24 74 6 -30 31 69 9 35 -72 12 38 -62 -63 -47 -65 -50 -1 -8 -11 92 -50 63 61 12 20 -2 49 -72 50 -40 -95
7 -71 14 52 -95 23 38 28 -99 44 66 -69 32 -84 -36 1 -30 -5 76 28 -35 -8 19 -69 -23 -33 37 40 22 1 36 20 43 23 -5 -87 -10 42 -93 -77 2 -59 1 13 65 -83 -6 70 -99 -9
-68 -61 68 83 65 -57 4 11 86 0 4 -19 72 80 -33 -33 -97 48 -36 -52 99 36 10 55 -47 -56 85 -50 36 -70 -88 -2 35 61 -34 44 -41 -65 85 6 -79 86 89 76 -6 -35 99 -66 -22 45
69 14 -85 15 -11 -16 72 -29 29 92 -75 -35 -96 58 -90 35 -7 91 2 76 -13 -46 16 36 55 -15 -56 4 94 58 -97 -99 59 12 98 -1 61 -22 71 30 -82 6 -21 -68 9 59 -17 64 -65 -69
-6 -72 41 -3 17 59 -17 -31 -25 46 89 34 -41 29 56 -41 -58 -63 2 -17 43 71 94 -87 99 -38 11 -79 -80 -62 -19 17 -91 -46 -30 -2 13 -71 -37 -7 88 23 39 84 -50 -8 -78 -98 -15 66
100 92 -84 58 -71 -62 -33 27 -14 72 64 -6 61 -88 -5 -57 -46 88 42 21 3 22 -7 -57 92 30 18 -77 49 25 -69 20 -33 -30 50 85 86 34 76 -80 25 44 15 -22 20 84 47 50 84 -7
-24 96 -63 36 -58 76 93 -79 -22 -79 -50 -52 -75 77 84 2 -62 -67 -43 -61 -50 -43 20 -71 64 -28 69 -52 43 15 8 84 -25 43 32 -68 89 82 89 -52 -21 32 26 -2 22 -82 -78 -98 -72 38
57 34 -30 -5 -62 -98 80 34 -74 -14 -12 -93 54 -37 -51 20 -60 -14 12 94 -67 24 -12 -54 -73 -69 59 -56 82 -7 -26 -36 -8 50 -15 80 34 3 -7 58 84 20 -79 17 -100 11 -17 -6 29 90
87 -67 -30 -92 -40 97 -25 33 20 -92 -11 64 -47 -74 -27 25 -48 -10 -63 -83 -82 95 14 -46 29 -95 -92 91 -33 84 -52 11 -10 -70 -50 59 13 -31 7 -58 35 28 -51 4 -17 -38 -29 36 63 -92
-33 37 52 -6 -40 -50 -55 4 38 -35 -1 -59 -58 100 7 6 30 -33 -11 -22 -98 -80 22 60 -65 8 -15 56 -59 -26 50 23 -90 -51 -45 -16 -31 31 -19 -72 8 -84 -100 82 31 23 79 -14 -13 18
-18 -88 60 -63 59 -3 -82 -35 -98 -73 53 58 86 23 -39 -47 92 73 99 95 -5 -51 -83 95 -19 -53 -95 88 -56 -87 79 62 -62 65 -45 24 75 69 -32 83 93 -41 46 90 76 -67 -53 22 26 70
-80 19 58 78 100 47 71 -74 -43 20 -7 78 96 83 35 -77 -65 31 -62 -48 44 -35 3 57 -17 -28 -74 45 -23 72 -72 55 -93 60 -65 96 -21 34 -32 -84 -68 -79 19 72 26 -57 -94 14 -70 33
-33 -7 0 -85 52 53 45 57 -68 -72 12 -92 -5 87 49 1 -51 68 91 -52 -78 45 -4 35 -85 29 -72 92 82 -9 30 -40 -32 78 -13 -69 9 -38 74 77 20 76 -92 -27 97 24 -76 6 -84 -16
11 62 34 -17 9 -83 38 -8 -16 -33 -2 -14 81 50 -86 -16 33 21 -97 -91 72 -64 -5 60 -19 69 -21 52 -89 -70 -1 84 88 17 35 38 20 -14 22 39 57 60 -62 -26 75 88 -80 -34 -84 52
-25 -77 50 65 -44 -44 73 -97 49 17 11 9 94 63 78 31 -71 14 -87 47 -34 -74 82 58 27 -11 48 -64 -34 89 -96 97 -17 -30 45 87 50 29 84 12 -50 -29 66 -56 -72 33 93 -38 15 8